26,1
26,3
28,52
28,51
28,50
28,49
28,48
28,47
28,46
28,45
28,44
28,43
28,42
28,41
28,40
28,39
28,38
28,37
28,36
28,35
27,1
27,3
3,1
3,3
10,27
10,105
10,138
10,6
10,133
10,164
10,200
11,14
11,8
11,15
11,19
9,7
9,6
9,4
8,14
8,16
8,5
8,9
20,3
20,2
20,1
12,3
12,2
12,1
11,30
11,29
11,28
11,27
11,26
11,25
19,2
19,1
11,24
11,23
19,3
11,22
11,21
11,18
11,17
11,13
11,6
11,5
11,3
11,2
11,1
10,316
10,315
10,314
10,313
10,312
10,311
10,310
10,309
10,308
10,307
10,306
10,305
10,304
10,303
10,302
10,301
10,300
